yfr2	CT978603.1	100.000	93	0	0	1	93	2048581	2048673	9.33e-40	172
yfr2	CP006269.1	83.333	96	10	6	1	90	2707125	2707220	4.50e-13	84.2
yfr2	CP006271.1	92.453	53	2	2	1	51	689146	689094	2.71e-10	75.0
yfr2	CP006270.1	92.453	53	2	2	1	51	1410184	1410236	2.71e-10	75.0
yfr2	GQ238557.1	92.453	53	2	2	1	51	519	467	2.71e-10	75.0
yfr2	GQ233939.1	92.453	53	2	2	1	51	492	440	2.71e-10	75.0
yfr2	GQ233229.1	92.453	53	2	2	1	51	367	315	2.71e-10	75.0
yfr2	CP000110.1	92.453	53	2	2	1	51	2274190	2274242	2.71e-10	75.0
yfr2	BX569695.1	92.453	53	2	2	1	51	152887	152939	2.71e-10	75.0
yfr2	LN847356.1	92.308	52	2	2	1	50	2218597	2218648	9.74e-10	73.1
yfr2	GQ234362.1	92.308	52	2	2	1	50	396	447	9.74e-10	73.1
yfr2	CP006882.1	90.566	53	3	2	1	51	1946753	1946805	1.26e-08	69.4
yfr2	CT971583.1	90.385	52	3	2	1	50	2191553	2191604	4.53e-08	67.6
yfr2	CP000097.1	88.679	53	4	2	1	51	2054662	2054714	5.86e-07	63.9
